1  2  14
1  3   8
1  4   9
1  5  15
1  6   1
1  7  20
1  8  25
1  9   3
1 10  23
1 11   7
1 12  29
1 13  11
1 14  21
1 15  17
1 16  17
1 17  14
1 18  20
1 19   4
1 20  27
1 21  18
1 22  20
1 23  13
1 24  15
1 25  13
1 26   7
1 27  22
1 28  22
1 29  11
1 30  27
2  3   3
2  4  20
2  5   3
2  6   2
2  7  20
2  8  17
2  9  24
2 10   1
2 11  11
2 12  18
2 13  23
2 14  10
2 15  17
2 16   3
2 17  22
2 18   3
2 19  11
2 20   5
2 21  14
2 22   6
2 23  23
2 24   1
2 25  25
2 26   5
2 27   7
2 28   7
2 29  12
2 30  29
3  4  20
3  5  14
3  6  17
3  7  14
3  8  25
3  9  19
3 10   7
3 11  14
3 12   6
3 13  30
3 14   6
3 15   8
3 16  18
3 17  28
3 18  17
3 19  26
3 20  22
3 21   8
3 22  20
3 23   2
3 24   4
3 25   3
3 26   7
3 27  26
3 28  25
3 29  23
3 30   1
4  5  23
4  6  21
4  7   4
4  8  21
4  9   3
4 10  17
4 11  30
4 12  16
4 13   3
4 14  18
4 15  23
4 16   8
4 17  15
4 18  14
4 19  13
4 20  15
4 21  23
4 22   2
4 23   1
4 24  10
4 25  23
4 26   1
4 27  29
4 28  16
4 29   4
4 30  23
5  6  14
5  7  22
5  8  17
5  9  28
5 10  22
5 11  10
5 12  18
5 13  17
5 14  22
5 15  20
5 16  25
5 17  13
5 18  28
5 19  27
5 20  23
5 21  12
5 22  26
5 23   7
5 24  25
5 25   8
5 26  13
5 27  10
5 28   1
5 29   6
5 30  19
6  7  15
6  8   6
6  9  10
6 10  22
6 11   1
6 12   2
6 13   5
6 14  22
6 15  11
6 16  24
6 17   5
6 18  12
6 19  11
6 20  21
6 21  25
6 22  23
6 23  15
6 24   8
6 25  12
6 26   3
6 27  30
6 28  23
6 29  28
6 30  28
7  8   9
7  9  27
7 10  11
7 11  10
7 12  19
7 13  16
7 14  21
7 15   3
7 16  13
7 17  30
7 18  16
7 19  13
7 20   1
7 21  12
7 22   5
7 23  11
7 24   5
7 25   9
7 26  22
7 27   8
7 28  22
7 29   9
7 30  22
8  9  28
8 10  16
8 11   3
8 12   1
8 13  15
8 14  17
8 15  20
8 16   4
8 17  17
8 18   9
8 19  14
8 20  27
8 21  19
8 22  21
8 23  17
8 24  14
8 25   3
8 26  16
8 27  29
8 28  16
8 29   8
8 30  11
9 10  12
9 11  19
9 12  15
9 13  20
9 14   2
9 15  22
9 16   3
9 17  10
9 18   5
9 19   1
9 20  17
9 21   7
9 22  23
9 23   1
9 24  23
9 25  12
9 26  27
9 27  10
9 28  12
9 29  10
9 30  28
10 11  1
10 12  1
10 13 14
10 14 14
10 15 25
10 16 21
10 17  4
10 18 10
10 19 28
10 20 14
10 21 21
10 22  8
10 23 21
10 24  3
10 25  2
10 26 12
10 27  5
10 28  3
10 29  9
10 30  5
11 12 20
11 13 15
11 14 27
11 15 12
11 16 30
11 17  1
11 18  8
11 19  1
11 20  4
11 21 10
11 22 28
11 23 26
11 24 10
11 25  3
11 26  1
11 27  4
11 28 23
11 29  5
11 30  6
12 13 12
12 14 10
12 15 18
12 16 20
12 17 30
12 18 20
12 19 13
12 20  4
12 21 17
12 22 15
12 23 12
12 24 13
12 25 26
12 26 26
12 27  2
12 28  8
12 29 17
12 30 24
13 14  7
13 15 17
13 16 27
13 17 16
13 18  6
13 19 15
13 20 17
13 21  8
13 22 15
13 23 13
13 24 22
13 25 11
13 26 18
13 27  4
13 28 21
13 29  5
13 30 15
14 15 20
14 16 17
14 17 27
14 18 23
14 19 25
14 20 11
14 21 26
14 22  7
14 23  7
14 24 22
14 25 30
14 26  6
14 27 30
14 28 23
14 29 12
14 30 17
15 16 12
15 17 28
15 18 14
15 19 26
15 20 14
15 21 22
15 22  2
15 23 26
15 24 13
15 25  5
15 26  5
15 27  8
15 28 25
15 29  2
15 30 22
16 17  6
16 18 10
16 19 18
16 20 21
16 21  4
16 22 21
16 23 16
16 24  2
16 25 19
16 26 29
16 27  2
16 28 24
16 29 29
16 30 16
17 18  5
17 19  7
17 20 27
17 21 24
17 22 20
17 23 14
17 24 30
17 25 11
17 26  8
17 27 17
17 28 16
17 29 12
17 30 22
18 19 15
18 20  6
18 21 23
18 22  7
18 23  3
18 24  2
18 25 16
18 26 23
18 27 27
18 28 28
18 29  9
18 30 28
19 20 16
19 21  7
19 22 21
19 23  9
19 24 27
19 25  7
19 26  6
19 27  3
19 28 25
19 29 21
19 30 23
20 21  1
20 22 20
20 23 25
20 24  8
20 25  7
20 26  2
20 27 19
20 28 20
20 29 17
20 30 16
21 22  4
21 23 15
21 24 18
21 25 27
21 26 22
21 27 11
21 28 23
21 29 20
21 30 11
22 23 12
22 24  5
22 25  9
22 26 25
22 27  6
22 28  6
22 29  1
22 30 11
23 24  8
23 25 17
23 26  1
23 27 22
23 28 17
23 29 13
23 30 17
24 25 24
24 26 11
24 27 10
24 28  4
24 29 30
24 30 26
25 26 19
25 27 25
25 28  2
25 29  7
25 30 21
26 27 24
26 28  9
26 29  5
26 30 13
27 28 11
27 29  8
27 30 17
28 29 19
28 30  2
29 30 22
