    1       2       3
    1       3       7
    1       4      10
    1       5      10
    1       6       8
    1       7       8
    1       8       5
    1       9       4
    1      10       8
    1      11       9
    1      12       2
    1      13       7
    1      14       7
    1      15      10
    1      16       1
    1      17       6
    1      18       3
    1      19       5
    1      20       8
    2       3       2
    2       4       8
    2       5       7
    2       6       9
    2       7       8
    2       8       7
    2       9       2
    2      10       3
    2      11      10
    2      12       5
    2      13       8
    2      14       7
    2      15       9
    2      16       7
    2      17       6
    2      18       8
    2      19       6
    2      20       5
    3       4       2
    3       5       1
    3       6       2
    3       7       2
    3       8       2
    3       9       9
    3      10      10
    3      11       1
    3      12       1
    3      13       6
    3      14       3
    3      15       5
    3      16       5
    3      17       6
    3      18       4
    3      19       3
    3      20       4
    4       5       1
    4       6       1
    4       7       6
    4       8       6
    4       9      10
    4      10      10
    4      11       5
    4      12       8
    4      13      10
    4      14       1
    4      15       5
    4      16       7
    4      17       6
    4      18      10
    4      19       8
    4      20       6
    5       6       1
    5       7       1
    5       8       9
    5       9       1
    5      10      10
    5      11       9
    5      12       1
    5      13       7
    5      14       3
    5      15       7
    5      16       3
    5      17      10
    5      18       3
    5      19       5
    5      20       4
    6       7       3
    6       8       5
    6       9       1
    6      10      10
    6      11       7
    6      12       2
    6      13       5
    6      14       4
    6      15       1
    6      16       5
    6      17       9
    6      18       7
    6      19       3
    6      20       8
    7       8       6
    7       9      10
    7      10      10
    7      11       8
    7      12       1
    7      13       3
    7      14       9
    7      15       9
    7      16       3
    7      17       8
    7      18       4
    7      19       2
    7      20      10
    8       9       3
    8      10       4
    8      11       7
    8      12       8
    8      13       8
    8      14       3
    8      15      10
    8      16       8
    8      17       9
    8      18       1
    8      19       4
    8      20       5
    9      10       3
    9      11       8
    9      12       5
    9      13       1
    9      14       2
    9      15       4
    9      16       8
    9      17       4
    9      18       5
    9      19       7
    9      20       4
   10      11       7
   10      12       6
   10      13       4
   10      14       2
   10      15       5
   10      16       7
   10      17       3
   10      18       4
   10      19      10
   10      20       6
   11      12      10
   11      13       9
   11      14       5
   11      15       5
   11      16       9
   11      17       2
   11      18       3
   11      19       9
   11      20       5
   12      13       9
   12      14       4
   12      15       5
   12      16       5
   12      17       6
   12      18       8
   12      19       8
   12      20       4
   13      14       1
   13      15       5
   13      16      10
   13      17       6
   13      18       1
   13      19       7
   13      20      10
   14      15       2
   14      16       1
   14      17       6
   14      18       6
   14      19       7
   14      20       7
   15      16       3
   15      17       8
   15      18       6
   15      19       8
   15      20       2
   16      17       4
   16      18       1
   16      19       7
   16      20       4
   17      18       8
   17      19       7
   17      20       9
   18      19       2
   18      20       2
   19      20       5
