1 1
2 1.99961
3 2.99836
4 3.99533
5 4.99048
6 5.98008
7 6.97015
8 7.95
9 8.92079
10 9.90909
11 10.8551
12 11.8
13 12.6923
14 13.6579
15 14.6667
16 15.3478
17 16
18 17.1053
19 18
20 18.2
21 19.6667
22 20.8333
23 22.0833
24 22.3077
25 21.5714
26 23.5
27 24.2222
28 26.4118
29 25
30 23
31 28.2727
32 26.4
33 29
34 29.4286
35 30.1429
36 28
37 28.25
38 24
39 31.6
40 24.5
41 31
42 16
43 29.3333
45 37.8333
46 20
47 38
48 32
49 42.1429
50 34
51 20
52 26
53 27
54 40.75
56 28
57 45.8
59 18
60 34
61 46
64 48.25
65 18
66 35.5
67 34.5
70 33
71 53.5
76 51
78 52.3333
81 22
82 44
83 21
90 51
96 16
105 41
110 27
113 19
114 35
117 59
119 19
121 34
124 49
127 33
129 42
132 40
134 32
135 32
138 92.3333
141 36
145 73
147 38
154 36
156 32
160 35
162 21
174 39
188 36
194 37
202 101.5
204 32
212 35
238 30
246 35
261 35
267 37
314 35
316 35
361 35
398 35
401 34
429 34
573 34
616 34
646 34
689 34
712 34
722 34
858 34
1112 34
1129 34
1182 34
1768 34
