1 331.025
2 405.282
3 409.386
4 418.71
5 383.684
6 359.343
7 359.757
8 353.954
9 354.53
10 357.878
11 334.632
12 330.383
13 321.903
14 317.481
15 347.311
16 261.783
17 324.235
18 242.819
19 274.421
20 277.515
21 268.956
22 211.152
23 257.594
24 242.292
25 214.291
26 186.423
27 193.152
28 212.884
29 206.246
30 260.892
31 212.249
32 275.525
33 250.352
34 218.424
35 259.053
36 281.424
37 196.872
38 281.224
39 227.579
40 180.375
41 203.732
42 136.048
43 151.798
45 196.719
46 205.196
47 191.745
48 259.833
49 187.606
50 200.76
51 230.392
52 237.327
53 121.689
54 190.194
56 187.518
57 194.621
59 74.2034
60 203.617
61 190.914
64 167.793
65 120.892
66 146.705
67 139.716
70 203.914
71 145.616
76 143.816
78 141.466
81 149.926
82 177.799
83 120.12
90 181.439
96 69.625
105 165.352
110 112.736
113 74.9558
114 149.535
117 121.312
119 74.0504
121 141.231
124 168.565
127 94.5039
129 130.915
132 140.424
134 104.358
135 107.407
138 146.814
141 109.617
145 105.231
147 124.83
154 111.63
156 109.635
160 83.475
162 65.0926
174 106.678
188 90.7553
194 102.026
202 82.1337
204 76.299
212 94.9528
238 74.9958
246 84.8415
261 76.7318
267 91.9401
314 67.4618
316 85.8987
361 54.0693
398 73.809
401 55.4963
429 57.7552
573 38.007
616 47.5097
646 47.7755
689 44.5951
712 51.7949
722 49.205
858 35.2284
1112 29.0773
1129 30.8592
1182 26.747
1768 22.198
