1 0
2 0.825422
3 0.773076
4 0.716433
5 0.676429
6 0.620186
7 0.629827
8 0.61301
9 0.570132
10 0.553086
11 0.501449
12 0.458127
13 0.450855
14 0.478311
15 0.492517
16 0.350725
17 0.42693
18 0.344341
19 0.386452
20 0.411053
21 0.336349
22 0.236772
23 0.342638
24 0.27801
25 0.239286
26 0.242308
27 0.246914
28 0.298397
29 0.217277
30 0.338506
31 0.243793
32 0.39879
33 0.259115
34 0.232493
35 0.329532
36 0.32996
37 0.215653
38 0.381935
39 0.206478
40 0.275641
41 0.197104
42 0.218351
43 0.12883
45 0.223316
46 0.227536
47 0.213506
48 0.419326
49 0.195214
50 0.180544
51 0.220392
52 0.30279
53 0.0852685
54 0.178809
56 0.282468
57 0.202945
59 0.127995
60 0.252542
61 0.218579
64 0.198599
65 0.0668269
66 0.152448
67 0.142583
70 0.257557
71 0.157193
76 0.126725
78 0.131924
81 0.129167
82 0.225083
83 0.137232
90 0.217665
96 0.0326754
105 0.174725
110 0.0819016
113 0.0493047
114 0.149045
117 0.0985116
119 0.0491383
121 0.148416
124 0.223053
127 0.117798
129 0.155887
132 0.138503
134 0.0839973
135 0.0954118
138 0.163951
141 0.122188
145 0.100335
147 0.135868
154 0.0940922
156 0.0683623
160 0.110731
162 0.0376505
174 0.0981662
188 0.0910229
194 0.0923028
202 0.0402936
204 0.0402057
212 0.0866047
238 0.0303691
246 0.0889
261 0.0617595
267 0.0719777
314 0.0546387
316 0.0572132
361 0.0316559
398 0.0433844
401 0.0364339
429 0.0353681
573 0.0177083
616 0.0256467
646 0.028963
689 0.0223614
712 0.0250518
722 0.0265309
858 0.0118672
1112 0.011519
1129 0.0108841
1182 0.00905052
1768 0.00618587
