1 0.267119
2 0.298373
3 0.142456
4 0.0752663
5 0.0491631
6 0.0293808
7 0.023528
8 0.0163877
9 0.0118225
10 0.0115884
11 0.00807679
12 0.00643802
13 0.00456514
14 0.00444809
15 0.00491631
16 0.00269226
17 0.00187288
18 0.00222404
19 0.00210699
20 0.00117055
21 0.00175582
22 0.00210699
23 0.00280932
24 0.00152171
25 0.000819384
26 0.00117055
27 0.00105349
28 0.00198993
29 0.000819384
30 0.00046822
31 0.0012876
32 0.000585274
33 0.000936439
34 0.000819384
35 0.000819384
36 0.00046822
37 0.00046822
38 0.00023411
39 0.000585274
40 0.00023411
41 0.00046822
42 0.000117055
43 0.000351165
45 0.000702329
46 0.000117055
47 0.000585274
48 0.000117055
49 0.000819384
50 0.000351165
51 0.000117055
52 0.000117055
53 0.00023411
54 0.00046822
56 0.000117055
57 0.000585274
59 0.000117055
60 0.00023411
61 0.00046822
64 0.00046822
65 0.000117055
66 0.00023411
67 0.00023411
70 0.000117055
71 0.00046822
76 0.000351165
78 0.000351165
81 0.000117055
82 0.00023411
83 0.000117055
90 0.00023411
96 0.000117055
105 0.000117055
110 0.000117055
113 0.000117055
114 0.000117055
117 0.00023411
119 0.000117055
121 0.000117055
124 0.000117055
127 0.000117055
129 0.000117055
132 0.000117055
134 0.000117055
135 0.000117055
138 0.000351165
141 0.000117055
145 0.00023411
147 0.000117055
154 0.000117055
156 0.000117055
160 0.000117055
162 0.000117055
174 0.000117055
188 0.000117055
194 0.000117055
202 0.00023411
204 0.000117055
212 0.000117055
238 0.000117055
246 0.000117055
261 0.000117055
267 0.000117055
314 0.000117055
316 0.000117055
361 0.000117055
398 0.000117055
401 0.000117055
429 0.000117055
573 0.000117055
616 0.000117055
646 0.000117055
689 0.000117055
712 0.000117055
722 0.000117055
858 0.000117055
1112 0.000117055
1129 0.000117055
1182 0.000117055
1768 0.000117055
